30.000000
-6.984701 -10.784716 13.902735 17.769402
10
1 -1.618034 -1.618034 4.084071
10394265
-1
1
2
-1
0 -0.531594 -2.137706 1.570797
8025975
3
0
-1
-1
0 -2.704473 -2.137707 0.314160
8025975
-1
-1
0
4
1 -1.044541 -3.049729 4.712389
10394265
1
7
5
4
1 -2.191526 -3.049730 3.455752
10394265
3
5
6
2
0 -1.618033 -4.108747 0.942478
8025975
8
4
3
9
1 -3.180001 -3.767900 5.969027
10394265
-1
4
8
-1
1 -0.056065 -3.767898 2.199115
10394265
-1
9
3
-1
0 -2.350035 -4.640577 2.199116
8025975
-1
-1
6
5
0 -0.886031 -4.640577 5.969027
8025975
5
7
-1
-1
0
