43.923000
-8.763813 -3.381739 10.521544 13.162530
650
1 -1.618034 -1.618034 4.084071
7342345
3
2
1
4
0 -2.704473 -2.137707 0.314160
7342345
73
4
0
60
0 -0.531594 -2.137706 1.570797
7342345
59
0
3
64
1 -0.690104 -0.943853 5.340708
16711680
5
8
2
0
1 -2.545964 -0.943853 2.827434
16711680
0
1
7
6
1 -1.044542 0.146994 0.314160
16711680
6
10
8
3
1 -2.191527 0.146994 1.570796
16711680
4
7
9
5
0 -3.375931 -0.071176 5.340708
7342345
17
6
4
72
0 0.139862 -0.071175 2.827434
7342345
66
3
5
16
1 -2.569091 1.309017 4.084071
2003199
11
6
17
14
1 -0.666978 1.309017 4.084071
2003199
15
16
5
11
0 -1.618035 1.745356 0.942478
16711680
9
13
12
10
1 -1.044542 2.804373 4.712389
14736188
21
19
11
13
1 -2.191527 2.804373 3.455752
14736188
12
11
18
20
1 -3.497022 1.983197 2.827434
2003199
9
-1
556
18
1 0.260952 1.983198 5.340708
2003199
19
121
-1
10
0 0.419462 0.789345 1.570797
1062054
8
10
-1
119
0 -3.655531 0.789344 0.314160
1062054
555
-1
9
7
0 -3.375931 3.022542 5.969026
1062054
92
20
13
14
0 0.139861 3.022543 2.199115
1062054
15
12
21
90
1 -2.545965 3.895220 2.199115
14736188
13
18
23
22
1 -0.690105 3.895221 5.969026
14736188
22
24
19
12
1 -1.618035 4.569401 0.942478
14736188
20
23
24
21
0 -2.704475 5.089074 4.712389
16711680
26
22
20
93
0 -0.531596 5.089074 3.455752
16711680
91
21
22
25
1 -1.044543 6.001097 0.314159
14736188
26
28
27
24
1 -2.191528 6.001097 1.570796
14736188
23
32
28
25
1 -0.056067 6.719266 2.827433
14736188
95
25
29
31
0 -1.618035 7.060113 4.084071
16711680
29
25
26
30
0 -0.886034 7.591944 5.340708
16711680
34
31
27
28
0 -2.350037 7.591944 2.827434
16711680
28
32
33
37
1 0.298370 7.810114 1.570797
14736188
27
29
35
98
1 -3.180004 6.719266 5.340708
14736188
33
30
26
107
1 -3.534442 7.810113 0.314160
14736188
111
39
30
32
0 -1.165634 8.452464 0.314160
16711680
37
36
35
29
1 -0.079194 8.972137 4.084071
14736188
45
31
34
36
1 -1.007125 9.646317 2.827434
14736188
35
34
38
40
0 -2.070437 8.452463 1.570796
16711680
30
-1
38
34
1 -2.228948 9.646317 5.340708
14736188
41
36
37
39
1 -3.156878 8.972136 4.084071
14736188
38
-1
33
58
0 -0.886035 10.685662 5.969026
16711680
42
44
43
36
0 -2.350039 10.685661 2.199115
16711680
38
50
49
42
0 -1.618037 11.217492 0.942478
16711680
41
54
55
40
1 0.298369 10.467493 3.455752
14736188
46
45
40
44
1 -0.056069 11.558341 2.199115
14736188
43
40
-1
48
0 0.871861 9.408476 0.942478
9830424
35
43
46
99
1 1.445354 10.467493 4.712389
14736188
47
103
45
43
1 1.799792 11.558341 5.969026
14736188
48
57
103
46
1 0.871861 12.232522 0.942478
14736188
44
-1
57
47
1 -3.180005 11.558340 5.969026
14736188
52
54
41
50
1 -3.534443 10.467492 4.712389
14736188
49
41
58
51
1 -4.681428 10.467492 3.455752
14736188
50
-1
116
53
1 -4.107935 12.232520 0.942478
14736188
53
56
-1
49
1 -5.035866 11.558338 2.199115
14736188
51
116
56
52
1 -2.191530 12.276508 3.455752
14736188
55
42
49
-1
1 -1.044545 12.276508 4.712389
14736188
-1
-1
42
54
0 -5.194376 12.752192 4.712389
16711680
-1
52
53
118
0 1.958301 12.752194 3.455752
16711680
105
47
48
-1
0 -4.107935 9.408475 0.942478
16711680
112
-1
50
39
1 -1.044541 -3.049729 4.712389
7342345
2
61
62
60
1 -2.191525 -3.049730 3.455752
7342345
59
62
63
1
1 -0.056066 -3.767898 2.199115
7342345
71
79
59
65
0 -1.618033 -4.108746 0.942478
7342345
80
60
59
79
1 -3.180000 -3.767900 5.969026
7342345
75
60
-1
77
1 0.494300 -1.931694 4.712389
16711680
66
67
65
2
1 0.871865 -3.093716 0.942478
16711680
61
64
68
69
1 0.848738 -0.840847 5.969027
16711680
8
161
67
64
0 1.678704 -1.713524 2.199115
7342345
68
64
66
163
0 1.958304 -2.574044 3.455752
7342345
219
69
65
67
1 1.799795 -3.767897 5.969027
16711680
65
68
220
70
1 1.445358 -4.858745 4.712389
16711680
69
281
84
71
1 0.298373 -4.858745 3.455752
16711680
70
84
-1
61
1 -4.084806 -0.840849 2.199115
16711680
73
74
553
7
1 -3.730368 -1.931696 3.455752
16711680
1
75
74
72
0 -4.914773 -1.713527 5.969026
7342345
541
72
73
81
1 -4.107931 -3.093719 0.942478
16711680
76
81
73
63
1 -5.035861 -3.767900 2.199115
16711680
78
484
-1
75
1 -3.534438 -4.858747 4.712389
16711680
63
80
85
78
1 -4.681423 -4.858747 3.455752
16711680
77
85
464
76
0 -0.886031 -4.640576 5.969026
7342345
62
61
-1
82
0 -2.350034 -4.640578 2.199115
7342345
83
77
-1
62
0 -5.194372 -2.574047 4.712389
7342345
74
75
-1
485
1 -1.007122 -5.679921 2.827433
16711680
87
88
83
79
1 -2.228944 -5.679923 5.340707
16711680
80
82
89
86
0 0.871866 -5.917762 0.942478
7342345
87
71
70
283
0 -4.107931 -5.917765 0.942478
7342345
463
78
77
86
1 -3.156875 -6.354104 4.084070
16711680
83
89
404
85
1 -0.079191 -6.354102 4.084071
16711680
84
342
88
82
0 -1.165631 -6.873774 0.314159
7342345
-1
82
87
343
0 -2.070435 -6.873776 1.570796
7342345
403
86
83
-1
1 0.848737 3.792215 5.340708
2003199
91
94
123
19
1 0.494299 4.883063 0.314159
2003199
24
95
94
90
1 -4.084807 3.792214 2.827433
2003199
18
558
108
93
1 -3.730369 4.883062 1.570796
2003199
92
108
107
23
0 1.678702 4.664893 2.827434
1062054
125
90
91
96
1 0.871863 6.045085 4.084070
2003199
97
96
91
27
0 1.958303 5.525413 1.570796
1062054
94
95
97
129
1 1.799794 6.719265 5.340707
2003199
98
100
96
95
1 1.445356 7.810113 0.314159
2003199
31
99
100
97
1 1.822918 8.972137 4.084071
2003199
102
101
98
45
0 2.629760 7.591943 2.827433
1062054
130
97
98
101
0 2.909360 8.452463 1.570796
1062054
100
99
102
142
1 2.750851 9.646317 5.340707
2003199
-1
144
101
99
0 2.629758 10.685662 2.199115
1062054
-1
46
47
104
1 3.338634 11.455336 5.340708
2003199
105
106
146
103
1 2.984195 12.546183 0.314159
2003199
57
-1
106
104
0 4.168600 12.328013 2.827433
1062054
157
104
105
-1
1 -4.107933 6.045084 4.084070
2003199
32
93
109
110
0 -4.914773 4.664893 5.340707
1062054
109
93
92
561
0 -5.194373 5.525413 0.314159
1062054
570
110
107
108
1 -5.035863 6.719265 2.827433
2003199
107
109
113
111
1 -4.681425 7.810113 1.570796
2003199
110
113
112
33
1 -5.058991 8.972136 4.084071
2003199
58
111
114
115
0 -5.865829 7.591944 5.340707
1062054
114
111
110
572
0 -6.145431 8.452462 0.314160
1062054
599
115
112
113
1 -5.986922 9.646316 2.827434
2003199
112
114
600
-1
0 -5.865832 10.685661 5.969026
1062054
117
53
51
-1
1 -6.574708 11.455334 2.827433
2003199
116
602
643
118
1 -6.220270 12.546182 1.570796
2003199
117
643
-1
56
0 1.324266 0.789346 0.314160
16711680
16
-1
120
161
1 2.410706 1.309019 4.084071
14736188
122
164
119
121
1 1.482775 1.983199 2.827434
14736188
120
-1
15
123
1 3.338635 1.983200 5.340708
14736188
124
126
-1
120
1 1.837213 3.074046 1.570797
14736188
121
90
-1
124
1 2.984197 3.074048 0.314160
14736188
123
125
126
122
0 2.410703 4.133064 4.084071
16711680
128
124
-1
94
0 4.168601 2.855879 2.827434
16711680
166
122
124
127
1 4.289691 3.895223 5.969027
14736188
128
131
136
126
1 3.361760 4.569404 0.942478
14736188
125
129
131
127
1 2.984195 5.731426 4.712389
14736188
130
132
128
96
1 3.338635 6.822270 5.969026
14736188
100
141
132
129
0 4.448200 5.089076 3.455752
16711680
133
127
128
-1
0 4.168601 5.949592 2.199114
16711680
-1
129
130
135
0 5.353004 5.089077 4.712389
16711680
134
137
136
131
0 5.632603 5.949597 5.969027
16711680
135
139
138
133
0 4.900603 6.481422 0.942477
16711680
132
-1
140
134
1 5.511514 3.895224 2.199115
14736188
167
127
133
137
1 6.439444 4.569405 0.942478
14736188
136
133
138
169
1 6.817008 5.731428 3.455752
14736188
143
137
134
139
1 6.462568 6.822275 2.199115
14736188
138
134
140
151
1 5.474092 7.540444 4.712389
14736188
152
139
135
141
1 4.327107 7.540443 3.455752
14736188
140
-1
130
142
0 3.814164 8.452463 0.314159
16711680
101
144
145
141
0 7.842902 5.525417 0.314160
16711680
138
150
149
170
1 3.972674 9.646316 2.827433
14736188
145
142
102
146
1 4.900604 8.972136 4.084070
14736188
147
152
142
144
1 4.327109 10.737166 1.570797
14736188
144
104
-1
148
1 5.828535 9.646316 5.340707
14736188
148
159
-1
145
1 5.474097 10.737164 0.314159
14736188
146
157
-1
147
1 8.929342 6.045090 4.084071
14736188
154
172
143
150
1 8.001411 6.719270 2.827434
14736188
149
143
151
155
0 7.171444 7.591948 5.340708
16711680
153
155
150
139
0 5.987043 8.452463 1.570796
16711680
140
145
-1
153
0 6.891848 8.452463 0.314159
16711680
152
159
158
151
1 9.857272 6.719271 5.340708
14736188
156
160
-1
149
1 8.355848 7.810118 1.570797
14736188
150
151
158
156
1 9.502833 7.810119 0.314160
14736188
155
-1
160
154
0 4.900604 11.796181 4.084070
16711680
-1
148
-1
106
1 7.978287 8.972136 4.084070
14736188
-1
155
153
-1
1 7.050357 9.646316 2.827433
14736188
-1
153
147
-1
0 10.687238 7.591949 2.827434
16711680
174
154
156
-1
1 1.837214 -0.122676 3.455753
2003199
162
163
66
119
1 2.984198 -0.122676 4.712389
2003199
164
176
-1
161
0 2.410706 -1.181693 0.942478
1062054
67
161
-1
175
0 3.497145 0.789347 1.570797
1062054
162
120
-1
165
1 4.523040 0.995359 4.712389
2003199
166
182
179
164
1 4.877477 2.086207 5.969027
2003199
126
167
182
165
1 5.865952 2.804377 3.455752
2003199
168
183
166
136
1 7.012937 2.804377 4.712389
2003199
169
184
-1
167
1 7.367375 3.895224 5.969026
2003199
137
170
184
168
1 8.355850 4.613394 3.455753
2003199
171
185
169
143
1 9.502835 4.613395 4.712389
2003199
172
207
185
170
0 10.015782 5.525418 1.570797
1062054
171
149
-1
173
1 11.041677 5.731430 4.712389
2003199
174
649
209
172
1 11.396113 6.822277 5.969027
2003199
160
-1
649
173
0 3.142708 -1.713524 5.969026
16711680
163
176
177
219
1 3.972674 -0.840845 2.199115
14736188
177
175
162
179
1 4.327113 -1.931692 3.455752
14736188
178
221
175
176
1 5.474098 -1.931691 4.712389
14736188
180
181
223
177
1 4.900605 -0.166663 0.942478
14736188
176
165
186
180
1 5.828535 -0.840844 5.969027
14736188
179
-1
181
178
0 6.658502 -1.713521 2.199115
16711680
224
178
180
187
0 5.707444 1.213529 2.199115
1062054
186
165
166
183
0 6.439445 1.745360 0.942478
1062054
182
167
-1
189
0 8.197341 3.022546 2.199115
1062054
190
168
169
-1
0 8.929343 3.554377 0.942478
1062054
-1
170
171
202
0 5.987044 0.353009 3.455752
16711680
188
-1
179
182
1 7.367377 -0.943849 5.340708
14736188
188
191
201
181
1 7.012938 0.146999 0.314160
14736188
186
189
191
187
1 7.390501 1.309021 4.084071
14736188
190
192
188
183
1 8.318432 1.983203 5.340708
14736188
184
196
192
189
0 8.197342 -0.071170 2.827434
16711680
193
187
188
-1
0 8.476941 0.789350 1.570797
16711680
-1
189
190
195
0 8.929344 -0.603001 4.084071
16711680
194
200
-1
191
0 9.661345 -0.071170 5.340708
16711680
195
198
199
193
0 9.381744 0.789351 0.314160
16711680
192
196
197
194
1 9.540255 1.983204 2.827434
14736188
197
195
190
202
1 10.468185 1.309024 4.084071
14736188
205
198
195
196
1 10.845751 0.147001 1.570797
14736188
199
194
197
203
1 10.491314 -0.943846 2.827434
14736188
218
200
194
198
1 9.502839 -1.662017 0.314160
14736188
201
193
199
229
1 8.355854 -1.662017 1.570797
14736188
226
187
-1
200
0 9.661345 3.022549 5.969027
16711680
185
-1
206
196
0 11.871645 0.353013 4.712389
16711680
204
213
214
198
0 12.151244 1.213533 5.969027
16711680
205
211
212
203
0 11.419241 1.745364 0.942478
16711680
197
206
208
204
1 10.845748 2.804380 3.455753
14736188
208
205
202
207
1 10.491309 3.895228 2.199116
14736188
206
-1
171
209
1 11.992733 2.804382 4.712390
14736188
210
211
205
206
1 11.419242 4.569407 0.942478
14736188
207
173
648
210
1 12.347172 3.895227 5.969026
14736188
209
-1
-1
208
1 12.981209 2.086213 2.199116
14736188
212
204
208
-1
1 13.335648 0.995366 3.455753
14736188
-1
213
204
211
1 12.958085 -0.166657 0.942479
14736188
214
203
212
215
1 12.030155 -0.840838 2.199116
14736188
217
-1
203
213
1 13.886016 -0.840837 5.969027
14736188
213
-1
269
216
1 13.531579 -1.931685 4.712390
14736188
215
269
235
217
1 12.384594 -1.931686 3.455753
14736188
216
233
218
214
0 11.200191 -1.713517 5.969027
16711680
199
-1
217
230
0 2.863108 -2.574044 4.712389
1062054
175
221
220
68
1 3.021618 -3.767896 2.199116
2003199
238
69
219
-1
1 3.949549 -3.093714 0.942478
2003199
-1
219
177
222
0 4.900606 -3.530053 4.084071
1062054
223
241
239
221
1 5.851662 -3.093714 0.942478
2003199
222
178
224
225
0 6.938102 -2.574041 3.455752
1062054
226
225
223
181
1 6.779593 -3.767895 5.969026
2003199
223
224
227
244
0 7.842906 -2.574040 4.712389
1062054
201
228
227
224
1 8.001415 -3.767895 2.199115
2003199
248
225
226
228
1 8.929345 -3.093714 0.942478
2003199
227
226
229
231
0 10.015785 -2.574042 3.455752
1062054
230
231
228
200
0 10.920592 -2.574037 4.712390
1062054
218
233
232
229
1 9.857275 -3.767895 5.969026
2003199
228
229
232
249
1 11.079098 -3.767895 2.199115
2003199
261
231
230
-1
1 12.007031 -3.093709 0.942479
2003199
-1
230
217
234
0 12.958088 -3.530047 4.084072
1062054
235
263
262
233
1 13.909143 -3.093707 0.942479
2003199
234
216
237
236
1 14.837074 -3.767886 5.969027
2003199
235
237
-1
264
0 14.995583 -2.574033 3.455753
1062054
-1
236
235
-1
0 3.142709 -4.807240 5.340708
16711680
220
239
240
281
1 4.327114 -4.589070 1.570797
14736188
240
238
222
241
1 3.972676 -5.679917 2.827434
14736188
243
284
238
239
1 5.474098 -4.589070 0.314160
14736188
239
222
-1
242
1 5.828537 -5.679917 5.340708
14736188
241
244
245
243
1 4.900606 -6.354098 4.084071
14736188
242
245
-1
240
0 6.658502 -4.807239 2.827434
16711680
246
242
-1
225
0 5.987046 -6.873770 1.570797
16711680
286
243
242
247
1 7.367378 -5.576911 5.969026
14736188
244
248
251
247
1 7.012940 -6.667758 4.712389
14736188
246
-1
260
245
1 8.355854 -4.858741 3.455752
14736188
249
250
246
227
1 9.502838 -4.858741 4.712389
14736188
231
252
250
248
0 8.929346 -5.917758 0.942478
16711680
251
248
249
253
0 8.197344 -6.449589 2.199115
16711680
255
-1
246
250
1 10.491314 -5.576911 2.199115
14736188
256
253
249
261
0 9.661348 -6.449589 5.969026
16711680
250
252
256
254
0 9.381748 -7.310109 4.712389
16711680
253
257
258
255
0 8.476944 -7.310110 3.455752
16711680
254
259
-1
251
1 10.845752 -6.667758 3.455752
14736188
268
257
253
252
1 10.468187 -7.829781 0.942478
14736188
258
254
256
271
1 9.540258 -8.503962 2.199115
14736188
279
259
254
257
1 8.318435 -8.503963 5.969026
14736188
260
255
258
289
1 7.390504 -7.829782 0.942478
14736188
287
247
-1
259
0 11.200189 -4.807240 5.340707
16711680
232
262
266
252
1 12.384593 -4.589071 1.570796
14736188
266
261
234
263
1 13.531578 -4.589071 0.314159
14736188
262
234
264
265
0 14.715985 -4.807231 2.827434
16711680
-1
265
263
236
1 13.886015 -5.679918 5.340707
14736188
263
264
-1
267
1 12.030154 -5.679918 2.827433
14736188
267
268
261
262
1 12.958085 -6.354099 4.084070
14736188
265
272
-1
266
0 11.871645 -6.873771 0.314159
16711680
256
266
-1
270
0 14.715982 -1.713514 2.199116
16711680
-1
216
215
-1
0 12.151245 -7.734291 5.340707
16711680
268
272
273
271
0 11.419244 -8.266120 4.084071
16711680
270
274
275
257
1 13.335649 -7.516122 1.570796
14736188
273
270
267
-1
1 12.981211 -8.606970 2.827433
14736188
-1
274
270
272
1 11.992737 -9.325136 0.314160
14736188
275
271
273
276
1 10.845752 -9.325136 1.570797
14736188
278
279
271
274
1 12.347175 -10.415983 5.340708
14736188
274
-1
280
277
1 11.419245 -11.090164 4.084071
14736188
276
280
294
278
1 10.491315 -10.415984 2.827434
14736188
277
-1
-1
275
0 9.661348 -9.543306 5.340708
16711680
258
275
-1
290
0 12.505684 -11.609836 1.570797
16711680
296
277
276
-1
1 2.433834 -5.576915 2.199115
2003199
282
283
70
238
1 2.788271 -6.667762 3.455752
2003199
284
299
-1
281
0 1.603868 -6.449592 5.969026
1062054
84
281
-1
298
0 3.814166 -6.873774 0.314159
1062054
282
240
-1
285
1 4.327113 -7.785796 3.455752
2003199
286
305
301
284
1 5.474099 -7.785793 4.712389
2003199
245
287
305
285
1 6.462575 -8.503963 2.199115
2003199
288
306
286
260
1 6.817013 -9.594810 3.455752
2003199
289
293
-1
287
1 7.963998 -9.594810 4.712389
2003199
259
290
-1
288
1 8.952473 -10.312979 2.199115
2003199
291
292
289
279
1 9.306911 -11.403826 3.455752
2003199
294
324
292
290
0 8.122508 -11.185657 5.969026
1062054
293
290
291
323
0 7.390506 -10.653826 0.942478
1062054
311
288
-1
292
0 10.332807 -11.609838 0.314159
1062054
291
-1
277
295
1 10.845755 -12.521860 3.455752
2003199
296
297
326
294
1 11.992737 -12.521858 4.712389
2003199
280
-1
297
295
0 11.419248 -13.580877 0.942478
1062054
-1
295
296
-1
0 1.324268 -7.310112 4.712389
16711680
283
299
300
342
1 2.410708 -7.829784 0.942478
14736188
300
298
282
301
1 1.482778 -8.503965 2.199115
14736188
303
345
298
299
1 3.338638 -8.503964 5.969026
14736188
299
285
307
302
1 2.984200 -9.594812 4.712389
14736188
301
307
304
303
1 1.837216 -9.594812 3.455752
14736188
302
304
-1
300
0 2.410708 -10.653830 0.942478
16711680
347
303
302
309
0 4.900605 -8.844813 0.942478
1062054
-1
285
286
306
0 5.632607 -9.376644 5.969026
1062054
305
287
-1
310
0 4.168604 -9.376643 2.199115
16711680
308
302
301
-1
1 4.289694 -10.415987 5.340707
14736188
307
310
313
309
1 3.361764 -11.090167 4.084070
14736188
308
313
322
304
1 5.511517 -10.415987 2.827433
14736188
311
312
308
306
1 6.439449 -11.090165 4.084071
14736188
293
314
312
310
0 5.353007 -11.609839 0.314159
16711680
-1
310
311
315
0 4.448204 -11.609840 1.570796
16711680
317
309
308
-1
1 6.817014 -12.252188 1.570797
14736188
318
315
311
323
0 5.632610 -12.470357 5.340708
16711680
312
314
318
316
0 4.900608 -13.002188 4.084071
16711680
315
319
320
317
0 4.168606 -12.470357 2.827434
16711680
316
321
-1
313
1 6.462576 -13.343036 2.827434
14736188
329
319
315
314
1 5.474101 -14.061206 0.314159
14736188
320
316
318
332
1 4.327116 -14.061205 1.570797
14736188
336
321
316
319
1 3.338640 -13.343036 5.340708
14736188
322
317
320
350
1 2.984202 -12.252189 0.314160
14736188
348
309
-1
321
0 7.842908 -12.046176 4.712389
16711680
292
324
325
314
1 8.929348 -12.565848 0.942478
14736188
325
323
291
326
1 8.001417 -13.240030 2.199115
14736188
328
329
323
324
1 9.857278 -13.240029 5.969026
14736188
324
295
330
327
1 9.502840 -14.330877 4.712389
14736188
326
330
-1
328
1 8.355856 -14.330877 3.455752
14736188
327
333
-1
325
0 7.171451 -14.112709 5.969026
16711680
318
325
-1
331
0 10.687244 -14.112708 2.199115
16711680
-1
327
326
-1
0 6.891851 -14.973228 4.712389
16711680
329
333
334
332
0 5.987048 -14.973229 3.455752
16711680
331
335
337
319
1 7.978292 -15.492900 0.942478
14736188
334
331
328
-1
1 7.050362 -16.167082 2.199115
14736188
-1
335
331
333
1 5.828539 -16.167082 5.969026
14736188
337
332
334
339
0 3.814169 -14.973228 4.712389
16711680
320
-1
338
353
1 4.900609 -15.492900 0.942477
14736188
338
-1
332
335
1 3.972679 -16.167082 2.199115
14736188
340
357
336
337
1 5.474101 -17.257929 4.712389
14736188
335
-1
341
340
1 4.327116 -17.257929 3.455751
14736188
339
341
-1
338
0 4.900608 -18.316946 0.942477
16711680
359
340
339
-1
1 0.298374 -7.516124 1.570797
2003199
344
343
87
298
0 -0.886030 -7.734295 5.340708
1062054
88
342
344
361
1 -0.056063 -8.606972 2.827434
2003199
345
362
343
342
0 0.652813 -9.376643 5.969027
1062054
344
300
-1
346
1 0.531723 -10.415988 2.827434
2003199
347
352
364
345
1 1.459654 -11.090168 4.084071
2003199
304
348
-1
346
1 1.837219 -12.252191 1.570797
2003199
349
351
347
322
1 1.482782 -13.343038 2.827434
2003199
350
356
351
348
1 2.410713 -14.017219 4.084071
2003199
321
353
356
349
0 0.652815 -12.470361 5.340708
1062054
352
348
349
371
0 0.373215 -11.609841 0.314160
1062054
367
346
-1
351
1 2.788275 -15.179240 1.570797
2003199
354
355
350
336
1 2.433837 -16.270088 2.827434
2003199
357
386
355
353
0 1.603871 -15.397410 5.340708
1062054
-1
353
354
384
0 1.324274 -14.536891 0.314160
1062054
372
349
350
-1
0 3.142714 -17.039761 5.969027
1062054
354
338
-1
358
1 3.021624 -18.079105 2.827434
2003199
359
360
387
357
1 3.949551 -18.753284 4.084070
2003199
341
-1
360
358
0 2.863115 -19.272959 0.314160
1062054
399
358
359
-1
0 -1.618032 -8.266126 4.084071
16711680
343
362
363
403
1 -1.044539 -9.325142 0.314160
14736188
363
361
344
364
1 -2.191524 -9.325142 1.570797
14736188
366
405
361
362
1 -0.690101 -10.415989 5.340708
14736188
362
346
367
365
1 -1.618031 -11.090170 4.084071
14736188
364
-1
368
366
1 -2.545962 -10.415990 2.827434
14736188
365
368
407
363
0 -0.531591 -11.609842 1.570797
16711680
369
-1
364
352
0 -2.704471 -11.609843 0.314159
16711680
409
366
365
370
1 -1.044538 -12.521865 4.712389
14736188
367
371
374
370
1 -2.191523 -12.521865 3.455752
14736188
369
374
383
368
1 -0.056062 -13.240034 2.199115
14736188
372
373
369
351
1 0.298376 -14.330881 3.455752
14736188
356
378
373
371
0 -0.886028 -14.112713 5.969027
16711680
-1
371
372
375
0 -1.618030 -13.580881 0.942478
16711680
377
370
369
-1
0 -1.165627 -14.973233 4.712389
16711680
373
378
379
376
0 -2.070432 -14.973233 3.455752
16711680
375
380
381
377
0 -2.350032 -14.112714 2.199115
16711680
376
382
-1
374
1 -0.079187 -15.492904 0.942478
14736188
379
375
372
384
1 -1.007118 -16.167088 2.199115
14736188
391
380
375
378
1 -2.228940 -16.167088 5.969027
14736188
381
376
379
393
1 -3.156871 -15.492908 0.942478
14736188
385
382
376
380
1 -3.534436 -14.330884 4.712389
14736188
383
377
381
413
1 -3.179999 -13.240036 5.969027
14736188
410
370
-1
382
0 0.871869 -15.929243 4.084071
16711680
355
386
388
378
0 -4.107927 -15.929247 4.084071
16711680
381
395
396
414
1 1.445362 -16.988260 0.314160
14736188
388
384
354
387
1 1.799801 -18.079107 5.340708
14736188
386
358
-1
389
1 0.298377 -16.988260 1.570797
14736188
390
-1
384
386
1 0.871871 -18.753288 4.084071
14736188
387
399
-1
390
1 -0.056060 -18.079109 2.827434
14736188
389
400
391
388
0 -0.886027 -17.206432 5.340708
16711680
379
-1
390
392
0 -1.618029 -17.738262 4.084071
16711680
391
400
401
393
0 -2.350031 -17.206432 2.827434
16711680
392
394
-1
380
1 -3.179997 -18.079109 5.340708
14736188
395
393
-1
397
1 -3.534435 -16.988262 0.314160
14736188
396
385
-1
394
1 -4.681418 -16.988264 1.570797
14736188
398
417
385
395
1 -4.107927 -18.753290 4.084071
14736188
394
-1
402
398
1 -5.035858 -18.079109 2.827434
14736188
397
402
419
396
0 1.958311 -19.272961 1.570797
16711680
-1
389
-1
360
1 -1.044536 -18.797279 0.314160
14736188
401
392
390
-1
1 -2.191521 -18.797279 1.570797
14736188
-1
-1
392
400
0 -5.194367 -19.272963 0.314159
16711680
421
398
397
-1
0 -2.350035 -7.734296 2.827433
1062054
361
405
404
89
1 -3.534439 -7.516127 0.314159
2003199
422
86
403
-1
1 -3.180000 -8.606973 5.340708
2003199
-1
403
363
406
0 -3.888875 -9.376645 2.199116
1062054
407
425
423
405
1 -3.767785 -10.415991 5.340708
2003199
406
366
409
408
1 -4.695715 -11.090173 4.084071
2003199
407
-1
411
428
0 -3.609275 -11.609843 1.570797
1062054
410
-1
407
368
0 -3.888876 -12.470365 2.827434
1062054
383
412
411
409
1 -5.073278 -12.252195 0.314160
2003199
432
408
410
412
1 -4.718840 -13.343042 5.340708
2003199
411
410
413
415
0 -4.560329 -14.536895 1.570797
1062054
414
415
412
382
0 -4.839929 -15.397417 2.827434
1062054
385
-1
416
413
1 -5.646770 -14.017223 4.084071
2003199
412
413
416
433
1 -6.024333 -15.179249 0.314160
2003199
445
415
414
417
1 -5.669895 -16.270096 5.340708
2003199
416
-1
396
418
0 -6.378770 -17.039768 2.199116
1062054
419
447
446
417
1 -6.257679 -18.079113 5.340708
2003199
418
398
421
420
1 -7.185609 -18.753294 4.084071
2003199
419
-1
-1
452
0 -6.099169 -19.272966 1.570797
1062054
-1
-1
419
402
0 -4.560333 -7.310115 3.455752
16711680
404
423
424
463
1 -4.718842 -8.503968 5.969027
14736188
424
422
406
425
1 -5.646772 -7.829787 0.942478
14736188
427
465
422
423
1 -5.073278 -9.594816 4.712389
14736188
423
406
428
426
1 -6.220263 -9.594816 3.455752
14736188
425
-1
429
427
1 -6.574702 -8.503969 2.199116
14736188
426
429
467
424
0 -5.646771 -10.653834 0.942478
16711680
430
-1
425
408
0 -7.404667 -9.376648 5.969027
16711680
469
427
426
431
1 -6.597827 -11.090174 4.084071
14736188
428
432
434
431
1 -7.525758 -10.415994 2.827434
14736188
430
434
436
429
1 -6.220263 -12.252196 1.570797
14736188
433
435
430
411
1 -6.574699 -13.343044 2.827434
14736188
415
440
-1
432
0 -7.684266 -11.609847 0.314160
16711680
437
431
430
435
0 -7.404666 -12.470366 5.340708
16711680
434
432
-1
438
1 -8.747581 -10.415995 5.340708
14736188
470
431
437
444
0 -8.589070 -11.609847 1.570797
16711680
439
-1
436
434
0 -8.136667 -13.002197 4.084071
16711680
435
440
441
439
0 -8.868670 -12.470367 2.827434
16711680
438
-1
442
437
1 -7.563174 -14.061213 0.314160
14736188
441
438
433
445
1 -8.710159 -14.061214 1.570797
14736188
451
443
438
440
1 -10.053073 -12.252199 0.314160
14736188
459
444
439
443
1 -9.698635 -13.343045 5.340708
14736188
442
-1
441
454
1 -9.675510 -11.090177 4.084071
14736188
436
-1
442
473
0 -7.050225 -14.973235 3.455753
16711680
416
446
449
440
1 -7.208737 -16.167091 5.969027
14736188
449
445
418
447
1 -7.563174 -17.257940 4.712389
14736188
446
418
-1
448
1 -8.710159 -17.257940 3.455752
14736188
447
452
-1
450
1 -8.136665 -15.492908 0.942478
14736188
450
451
445
446
1 -9.064598 -16.167093 2.199115
14736188
448
455
-1
449
0 -9.223105 -14.973237 4.712389
16711680
441
449
-1
453
0 -8.136666 -18.316957 0.942478
16711680
-1
448
-1
420
0 -10.127910 -14.973237 3.455752
16711680
451
455
456
454
0 -10.407510 -14.112718 2.199115
16711680
453
457
458
443
1 -10.286419 -16.167091 5.969027
14736188
456
453
450
-1
1 -11.214349 -15.492910 0.942478
14736188
-1
457
453
455
1 -11.591913 -14.330888 4.712389
14736188
458
454
456
462
1 -11.237476 -13.240040 5.969027
14736188
460
459
454
457
0 -11.078968 -12.046189 3.455753
16711680
442
458
460
475
1 -12.165407 -12.565859 0.942478
14736188
461
477
459
458
1 -13.093337 -13.240040 2.199116
14736188
462
481
479
460
1 -12.738898 -14.330887 3.455753
14736188
457
-1
481
461
0 -4.839933 -6.449596 2.199115
1062054
422
-1
464
85
1 -5.669899 -5.576918 5.969026
2003199
483
78
463
465
1 -6.024337 -6.667766 4.712389
2003199
464
-1
424
466
0 -7.050231 -6.873777 1.570796
1062054
467
490
487
465
1 -7.563179 -7.785800 4.712389
2003199
466
427
-1
468
1 -8.710164 -7.785799 3.455751
2003199
467
469
471
492
0 -8.136672 -8.844816 0.942477
1062054
470
468
-1
429
0 -8.868671 -9.376650 2.199115
1062054
436
472
471
469
1 -9.698640 -8.503968 5.969026
2003199
496
468
470
472
1 -10.053079 -9.594815 4.712389
2003199
471
470
473
474
0 -10.626572 -10.653831 0.942477
1062054
475
474
472
444
1 -11.200064 -9.594815 3.455751
2003199
472
473
476
497
0 -11.358574 -11.185662 2.199115
1062054
459
477
476
473
1 -12.188540 -10.312984 5.969026
2003199
509
474
475
-1
1 -12.542972 -11.403836 4.712389
2003199
-1
475
460
478
0 -13.568866 -11.609847 1.570796
1062054
479
516
510
477
1 -14.081813 -12.521870 4.712389
2003199
478
461
482
480
1 -15.228797 -12.521870 3.455752
2003199
479
482
-1
518
0 -13.923303 -14.112719 5.969027
16711680
-1
461
462
-1
0 -14.655306 -13.580887 0.942478
1062054
-1
480
479
-1
0 -6.378775 -4.807246 2.827433
16711680
464
487
488
484
1 -6.257684 -3.767900 5.969026
2003199
486
485
76
483
0 -6.099176 -2.574047 3.455752
16711680
81
484
486
540
1 -7.185614 -3.093719 0.942478
2003199
526
542
485
484
1 -7.208740 -5.679924 5.340707
14736188
488
483
466
490
1 -7.563177 -4.589077 0.314159
14736188
489
526
483
487
1 -8.710162 -4.589076 1.570796
14736188
491
493
-1
488
1 -8.136670 -6.354105 4.084070
14736188
487
466
-1
491
1 -9.064599 -5.679924 2.827433
14736188
490
492
493
489
0 -9.223108 -6.873777 0.314159
16711680
494
491
-1
468
0 -9.894565 -4.807246 5.340707
16711680
528
489
491
495
1 -10.249002 -6.667766 3.455752
14736188
492
496
498
495
1 -10.603440 -5.576919 2.199115
14736188
494
498
501
493
1 -10.626567 -7.829789 0.942478
14736188
497
499
494
471
1 -11.554497 -8.503969 2.199115
14736188
474
505
-1
496
0 -11.433406 -6.449596 5.969026
16711680
500
495
494
499
0 -11.713006 -7.310117 4.712389
16711680
498
496
-1
503
0 -12.165408 -5.917766 0.942478
16711680
504
502
501
498
1 -11.591916 -4.858749 4.712389
14736188
530
495
500
502
1 -12.738900 -4.858749 3.455752
14736188
501
500
508
532
0 -12.617810 -7.310117 3.455752
16711680
499
505
506
504
0 -12.897410 -6.449597 2.199115
16711680
503
507
-1
500
1 -12.776320 -8.503970 5.969026
14736188
506
503
497
509
1 -13.704249 -7.829789 0.942478
14736188
512
507
503
505
1 -14.081815 -6.667766 4.712389
14736188
508
504
506
514
1 -13.727377 -5.576919 5.969026
14736188
533
502
-1
507
0 -12.897417 -9.543312 2.827433
16711680
476
510
511
505
1 -13.727383 -10.415990 5.340707
14736188
511
509
478
516
1 -14.081820 -9.325142 0.314159
14736188
515
512
509
510
0 -14.655312 -8.266125 4.084070
16711680
506
511
515
513
0 -15.387314 -7.734294 2.827433
16711680
512
524
525
514
0 -15.107714 -6.873774 1.570796
16711680
513
522
519
507
1 -15.228806 -9.325142 1.570796
14736188
517
524
512
511
1 -14.655313 -11.090170 4.084070
14736188
510
478
518
517
1 -15.583244 -10.415990 2.827433
14736188
516
-1
-1
515
0 -15.741745 -11.609847 0.314159
16711680
-1
-1
516
480
1 -15.266223 -5.679921 5.340707
14736188
520
533
514
522
1 -15.620661 -4.589073 0.314159
14736188
521
536
-1
519
1 -16.767645 -4.589073 1.570796
14736188
523
539
536
520
1 -16.194153 -6.354102 4.084070
14736188
519
514
-1
523
1 -17.122084 -5.679921 2.827433
14736188
522
-1
539
521
1 -16.217281 -8.606972 5.340707
14736188
525
513
515
-1
1 -16.571720 -7.516124 0.314159
14736188
-1
-1
513
524
0 -8.136671 -3.530058 4.084071
16711680
486
488
-1
527
1 -9.087728 -3.093719 0.942478
2003199
528
529
544
526
1 -10.015657 -3.767900 2.199115
2003199
493
530
529
527
0 -10.174168 -2.574047 4.712389
1062054
547
527
528
552
1 -11.237480 -3.767901 5.969026
2003199
531
552
528
501
1 -12.165410 -3.093720 0.942478
2003199
532
581
-1
530
1 -13.093341 -3.767901 2.199115
2003199
502
534
581
531
0 -14.436256 -4.807243 2.827433
16711680
508
519
-1
534
1 -14.315164 -3.767901 5.969026
2003199
535
582
532
533
1 -15.243093 -3.093720 0.942478
2003199
-1
621
582
534
0 -16.194153 -3.530056 4.084071
1062054
-1
520
521
537
1 -17.145208 -3.093717 0.942478
2003199
538
647
624
536
1 -18.073139 -3.767898 2.199115
2003199
-1
-1
647
537
0 -17.952049 -4.807242 5.340707
16711680
-1
521
523
-1
0 -6.378776 -1.713527 2.199115
16711680
485
542
543
541
0 -5.646774 -1.181697 0.942478
1062054
540
554
553
74
1 -7.563178 -1.931697 4.712389
14736188
543
540
486
544
1 -7.208740 -0.840849 5.969026
14736188
545
554
540
542
1 -8.710162 -1.931697 3.455752
14736188
542
527
547
546
1 -8.136670 -0.166668 0.942478
14736188
546
548
564
543
1 -9.064600 -0.840849 2.199115
14736188
544
-1
548
545
0 -9.894566 -1.713527 5.969026
16711680
550
-1
544
529
0 -9.223110 0.353004 4.712389
16711680
566
545
546
549
1 -10.249005 0.146993 1.570796
14736188
550
551
578
548
1 -10.603443 -0.943855 2.827433
14736188
547
580
551
549
0 -11.433410 -0.071177 5.340708
16711680
579
549
550
584
0 -11.078971 -2.574048 3.455752
1062054
529
530
-1
580
1 -5.073281 -0.122680 4.712389
2003199
555
72
541
-1
1 -6.220265 -0.122679 3.455752
2003199
-1
541
543
563
0 -4.560334 0.789343 1.570796
16711680
553
557
556
17
1 -4.718844 1.983196 5.340708
14736188
558
14
555
557
1 -5.646774 1.309015 4.084071
14736188
556
555
563
560
1 -5.073282 3.074044 0.314160
14736188
559
-1
92
556
1 -6.220267 3.074043 1.570797
14736188
560
562
561
558
1 -6.574705 1.983196 2.827434
14736188
557
-1
562
559
0 -5.646775 4.133060 4.084071
16711680
108
-1
559
568
0 -7.404671 2.855874 5.340708
16711680
567
559
560
565
0 -6.733212 0.789343 0.314159
1062054
564
-1
557
554
1 -7.759107 0.995355 3.455752
2003199
563
545
566
565
1 -8.113544 2.086202 2.199115
2003199
564
-1
576
562
0 -8.943510 1.213524 5.969026
1062054
577
-1
564
548
1 -7.525762 3.895218 2.199115
14736188
562
593
569
568
1 -6.597831 4.569399 0.942478
14736188
567
569
570
561
0 -7.684271 5.089072 4.712389
16711680
573
568
567
571
1 -6.220268 5.731425 3.455752
14736188
109
568
573
572
0 -8.589075 5.089072 3.455752
16711680
569
593
594
575
1 -6.574706 6.822272 2.199115
14736188
570
-1
597
113
0 -7.404672 5.949594 5.969026
16711680
574
-1
570
569
0 -8.136673 6.481425 0.942477
16711680
575
598
597
573
0 -8.868675 5.949595 2.199115
16711680
571
595
596
574
1 -9.102020 2.804372 4.712389
2003199
-1
565
577
592
0 -9.675512 1.745354 0.942478
16711680
578
592
576
566
1 -10.626569 1.309015 4.084071
14736188
577
549
579
589
0 -11.713010 0.789343 0.314160
16711680
588
589
578
551
1 -11.591919 -1.662025 0.314159
14736188
583
584
550
552
0 -13.251849 -2.574048 4.712389
1062054
583
531
532
-1
0 -14.156654 -2.574048 3.455752
1062054
-1
534
535
611
1 -12.738902 -1.662025 1.570796
14736188
581
586
-1
580
0 -12.165411 -0.603009 4.084071
16711680
551
580
-1
585
0 -12.897413 -0.071178 2.827434
16711680
584
586
587
588
1 -13.727379 -0.943857 5.340708
14736188
587
585
583
611
1 -14.081818 0.146991 0.314160
14736188
620
590
585
586
0 -12.617813 0.789342 1.570797
16711680
585
590
591
579
1 -11.554501 1.983196 2.827434
14736188
578
579
-1
607
1 -13.704254 1.309014 4.084071
14736188
591
588
587
618
1 -12.776323 1.983195 5.340708
14736188
612
-1
588
590
1 -10.249004 2.804372 3.455752
2003199
576
577
-1
606
1 -8.747584 3.895219 5.969026
14736188
594
571
567
-1
1 -9.675514 4.569400 0.942478
14736188
606
595
571
593
1 -10.053079 5.731422 4.712389
14736188
596
575
594
629
1 -9.698641 6.822270 5.969026
14736188
-1
-1
575
595
1 -7.563180 7.540442 4.712389
14736188
599
572
574
598
1 -8.710166 7.540442 3.455751
14736188
597
574
-1
605
0 -7.050233 8.452465 1.570796
16711680
597
601
600
114
1 -7.208742 9.646318 5.340707
14736188
602
115
599
601
1 -8.136672 8.972137 4.084070
14736188
600
599
-1
604
1 -7.563183 10.737164 0.314159
14736188
603
642
117
600
1 -8.710168 10.737164 1.570796
14736188
604
-1
642
602
1 -9.064603 9.646318 2.827433
14736188
601
605
641
603
0 -9.223112 8.452466 0.314159
16711680
639
604
-1
598
1 -10.603442 3.895219 2.199115
2003199
592
607
609
594
0 -11.433408 3.022541 5.969026
1062054
608
606
-1
589
0 -12.165410 3.554371 0.942478
1062054
612
610
609
607
1 -11.591918 4.613388 4.712389
2003199
629
606
608
610
1 -12.738902 4.613388 3.455752
2003199
609
608
613
632
0 -14.436255 -1.713529 2.199115
16711680
582
621
622
586
0 -12.897411 3.022541 2.199115
16711680
591
614
613
608
1 -13.727377 3.895218 5.969026
14736188
615
610
612
614
1 -14.081815 2.804371 4.712389
14736188
613
612
618
617
1 -14.655307 4.569399 0.942478
14736188
616
645
633
613
1 -15.583238 3.895218 2.199115
14736188
617
-1
-1
615
1 -15.228799 2.804371 3.455752
14736188
614
-1
627
616
0 -14.655307 1.745354 0.942478
16711680
619
-1
614
590
0 -15.387308 1.213523 2.199115
16711680
620
626
-1
618
0 -15.107708 0.353003 3.455752
16711680
587
-1
623
619
1 -15.620659 -1.931699 4.712389
14736188
622
611
535
624
1 -15.266220 -0.840851 5.969026
14736188
623
-1
611
621
1 -16.194149 -0.166669 0.942478
14736188
625
626
620
622
1 -16.767645 -1.931695 3.455752
14736188
621
537
628
625
1 -17.122084 -0.840847 2.199115
14736188
624
628
-1
623
1 -16.571711 0.995353 4.712389
14736188
627
619
623
-1
1 -16.217272 2.086201 5.969026
14736188
-1
617
-1
626
0 -17.952049 -1.713526 5.969026
16711680
-1
625
624
-1
0 -11.078971 5.525411 1.570796
16711680
609
631
630
595
1 -11.237481 6.719264 5.340708
14736188
636
638
629
631
1 -12.165411 6.045083 4.084071
14736188
630
629
632
635
0 -13.251850 5.525411 0.314159
1062054
633
635
631
610
1 -14.277743 5.731421 3.455752
2003199
632
615
644
634
1 -14.632181 6.822269 2.199115
2003199
633
644
-1
646
1 -13.093341 6.719263 2.827434
14736188
631
632
646
637
1 -11.591919 7.810111 0.314160
14736188
637
640
638
630
1 -12.738904 7.810111 1.570796
14736188
635
-1
-1
636
0 -10.407516 7.591942 2.827434
16711680
-1
630
636
639
0 -10.127915 8.452462 1.570796
16711680
638
640
641
605
1 -11.214355 8.972134 4.084071
14736188
-1
639
636
-1
1 -10.286426 9.646318 5.340707
14736188
-1
604
639
-1
0 -8.136675 11.796181 4.084070
16711680
-1
602
603
-1
0 -7.404674 12.328012 5.340707
1062054
-1
118
117
-1
0 -15.462147 5.949591 5.969026
1062054
-1
634
633
645
0 -15.741747 5.089071 4.712389
16711680
644
615
-1
-1
0 -13.923306 7.591940 5.340708
16711680
-1
-1
635
634
0 -18.231649 -2.574045 4.712389
1062054
-1
537
538
-1
0 12.505682 5.089080 3.455752
16711680
-1
-1
209
-1
0 12.226082 5.949599 2.199115
1062054
-1
173
174
-1
0
